"areaovacres"|"lareaovkey"|"mukey"|"muareaovkey"
15235|549683|575618|33000039
15235|549684|575618|33000038
15235|549685|575618|32999957
15235|549686|575618|33000042
15235|549687|575618|33000041
15235|549688|575618|33000040
5976|549683|575619|33000032
5976|549684|575619|33000031
5976|549685|575619|33000030
5976|549686|575619|33000029
5976|549687|575619|33000028
5976|549688|575619|32999955
2265|549683|575620|33000354
2265|549684|575620|33000353
2265|549685|575620|33000020
2265|549686|575620|33000357
2265|549687|575620|33000356
2265|549688|575620|33000355
12051|549683|575621|33000334
12051|549684|575621|33000333
12051|549685|575621|33000016
12051|549686|575621|33000337
12051|549687|575621|33000336
12051|549688|575621|33000335
8730|549683|575622|32999747
8730|549684|575622|32999951
8730|549685|575622|32999751
8730|549686|575622|32999750
8730|549687|575622|32999749
8730|549688|575622|32999748
1045|549683|575623|33000359
1045|549684|575623|33000358
1045|549685|575623|33000021
1045|549686|575623|33000362
1045|549687|575623|33000361
1045|549688|575623|33000360
55593|549683|575624|33000089
55593|549684|575624|33000088
55593|549685|575624|32999967
55593|549686|575624|33000092
55593|549687|575624|33000091
55593|549688|575624|33000090
2031|549683|575625|32999968
2031|549684|575625|33000097
2031|549685|575625|33000096
2031|549686|575625|33000095
2031|549687|575625|33000094
2031|549688|575625|33000093
1113|549683|575626|33000102
1113|549684|575626|33000101
1113|549685|575626|33000100
1113|549686|575626|33000099
1113|549687|575626|33000098
1113|549688|575626|32999969
24481|549683|575627|33000313
24481|549684|575627|33000012
24481|549685|575627|33000317
24481|549686|575627|33000316
24481|549687|575627|33000315
24481|549688|575627|33000314
10237|549683|575628|33000104
10237|549684|575628|33000103
10237|549685|575628|32999970
10237|549686|575628|33000107
10237|549687|575628|33000106
10237|549688|575628|33000105
13263|549683|575629|33000319
13263|549684|575629|33000318
13263|549685|575629|33000013
13263|549686|575629|33000322
13263|549687|575629|33000321
13263|549688|575629|33000320
2399|549683|575630|33000109
2399|549684|575630|33000108
2399|549685|575630|32999971
2399|549686|575630|33000112
2399|549687|575630|33000111
2399|549688|575630|33000110
163|549683|575631|33000114
163|549684|575631|33000113
163|549685|575631|32999972
163|549686|575631|33000117
163|549687|575631|33000116
163|549688|575631|33000115
3486|549683|575632|33000084
3486|549684|575632|33000083
3486|549685|575632|32999966
3486|549686|575632|33000087
3486|549687|575632|33000086
3486|549688|575632|33000085
1653|549683|575633|33000119
1653|549684|575633|33000118
1653|549685|575633|32999973
1653|549686|575633|33000122
1653|549687|575633|33000121
1653|549688|575633|33000120
13344|549683|575634|33000124
13344|549684|575634|33000123
13344|549685|575634|32999974
13344|549686|575634|33000127
13344|549687|575634|33000126
13344|549688|575634|33000125
1199|549683|575635|33000129
1199|549684|575635|33000128
1199|549685|575635|32999975
1199|549686|575635|33000132
1199|549687|575635|33000131
1199|549688|575635|33000130
31026|549683|575637|33000344
31026|549684|575637|33000343
31026|549685|575637|33000018
31026|549686|575637|33000347
31026|549687|575637|33000346
31026|549688|575637|33000345
5476|549683|575638|33000134
5476|549684|575638|33000133
5476|549685|575638|32999976
5476|549686|575638|33000137
5476|549687|575638|33000136
5476|549688|575638|33000135
1672|549683|575639|33000324
1672|549684|575639|33000323
1672|549685|575639|33000014
1672|549686|575639|33000327
1672|549687|575639|33000326
1672|549688|575639|33000325
331|549683|575640|33000139
331|549684|575640|33000138
331|549685|575640|32999977
331|549686|575640|33000142
331|549687|575640|33000141
331|549688|575640|33000140
1490|549683|575641|33000144
1490|549684|575641|33000143
1490|549685|575641|32999978
1490|549686|575641|33000147
1490|549687|575641|33000146
1490|549688|575641|33000145
4435|549683|575642|33000069
4435|549684|575642|33000068
4435|549685|575642|32999963
4435|549686|575642|33000072
4435|549687|575642|33000071
4435|549688|575642|33000070
7276|549683|575643|32999728
7276|549684|575643|32999727
7276|549685|575643|32999947
7276|549686|575643|32999731
7276|549687|575643|32999730
7276|549688|575643|32999729
695|549683|575644|33000149
695|549684|575644|33000148
695|549685|575644|32999979
695|549686|575644|33000152
695|549687|575644|33000151
695|549688|575644|33000150
35645|549683|575645|33000328
35645|549684|575645|33000015
35645|549685|575645|33000332
35645|549686|575645|33000331
35645|549687|575645|33000330
35645|549688|575645|33000329
1950|549683|575646|33000154
1950|549684|575646|33000153
1950|549685|575646|32999980
1950|549686|575646|33000157
1950|549687|575646|33000156
1950|549688|575646|33000155
22115|549683|575647|33000159
22115|549684|575647|33000158
22115|549685|575647|32999981
22115|549686|575647|33000162
22115|549687|575647|33000161
22115|549688|575647|33000160
18597|549683|575648|33000167
18597|549684|575648|33000166
18597|549685|575648|33000165
18597|549686|575648|33000164
18597|549687|575648|33000163
18597|549688|575648|32999982
1344|549683|575649|33000169
1344|549684|575649|33000168
1344|549685|575649|32999983
1344|549686|575649|33000172
1344|549687|575649|33000171
1344|549688|575649|33000170
2541|549683|575650|32999758
2541|549684|575650|32999757
2541|549685|575650|32999953
2541|549686|575650|33000022
2541|549687|575650|32999760
2541|549688|575650|32999759
6192|549683|575651|32999746
6192|549684|575651|32999745
6192|549685|575651|32999744
6192|549686|575651|32999743
6192|549687|575651|32999742
6192|549688|575651|32999950
1108|549683|575652|33000174
1108|549684|575652|33000173
1108|549685|575652|32999984
1108|549686|575652|33000177
1108|549687|575652|33000176
1108|549688|575652|33000175
42141|549683|575653|33000178
42141|549684|575653|32999985
42141|549685|575653|33000182
42141|549686|575653|33000181
42141|549687|575653|33000180
42141|549688|575653|33000179
6221|549683|575654|33000184
6221|549684|575654|33000183
6221|549685|575654|32999986
6221|549686|575654|33000187
6221|549687|575654|33000186
6221|549688|575654|33000185
11855|549683|575655|33000189
11855|549684|575655|33000188
11855|549685|575655|32999987
11855|549686|575655|33000192
11855|549687|575655|33000191
11855|549688|575655|33000190
1542|549683|575656|33000194
1542|549684|575656|33000193
1542|549685|575656|32999988
1542|549686|575656|33000197
1542|549687|575656|33000196
1542|549688|575656|33000195
1035|549683|575657|33000199
1035|549684|575657|33000198
1035|549685|575657|32999989
1035|549686|575657|33000202
1035|549687|575657|33000201
1035|549688|575657|33000200
915|549683|575658|33000204
915|549684|575658|33000203
915|549685|575658|32999990
915|549686|575658|33000207
915|549687|575658|33000206
915|549688|575658|33000205
2856|549683|575659|33000209
2856|549684|575659|33000208
2856|549685|575659|32999991
2856|549686|575659|33000212
2856|549687|575659|33000211
2856|549688|575659|33000210
234|549683|575660|33000214
234|549684|575660|33000213
234|549685|575660|32999992
234|549686|575660|33000217
234|549687|575660|33000216
234|549688|575660|33000215
636|549683|575661|33000219
636|549684|575661|33000218
636|549685|575661|32999993
636|549686|575661|33000222
636|549687|575661|33000221
636|549688|575661|33000220
730|549683|575662|32999756
730|549684|575662|32999755
730|549685|575662|32999754
730|549686|575662|32999753
730|549687|575662|32999752
730|549688|575662|32999952
381|549683|575663|33000223
381|549684|575663|32999994
381|549685|575663|33000227
381|549686|575663|33000226
381|549687|575663|33000225
381|549688|575663|33000224
9303|549683|575664|33000339
9303|549684|575664|33000338
9303|549685|575664|33000017
9303|549686|575664|33000342
9303|549687|575664|33000341
9303|549688|575664|33000340
458|549683|575665|33000229
458|549684|575665|33000228
458|549685|575665|32999995
458|549686|575665|33000232
458|549687|575665|33000231
458|549688|575665|33000230
5123|549683|575666|33000234
5123|549684|575666|33000233
5123|549685|575666|32999996
5123|549686|575666|33000237
5123|549687|575666|33000236
5123|549688|575666|33000235
18889|549683|575667|33000049
18889|549684|575667|33000048
18889|549685|575667|32999959
18889|549686|575667|33000052
18889|549687|575667|33000051
18889|549688|575667|33000050
18838|549683|575668|33000053
18838|549684|575668|32999960
18838|549685|575668|33000057
18838|549686|575668|33000056
18838|549687|575668|33000055
18838|549688|575668|33000054
28145|549683|575669|33000059
28145|549684|575669|33000058
28145|549685|575669|32999961
28145|549686|575669|33000062
28145|549687|575669|33000061
28145|549688|575669|33000060
797|549683|575670|33000239
797|549684|575670|33000238
797|549685|575670|32999997
797|549686|575670|33000242
797|549687|575670|33000241
797|549688|575670|33000240
7636|549683|575671|33000044
7636|549684|575671|33000043
7636|549685|575671|32999958
7636|549686|575671|33000047
7636|549687|575671|33000046
7636|549688|575671|33000045
11877|549683|575672|33000349
11877|549684|575672|33000348
11877|549685|575672|33000019
11877|549686|575672|33000352
11877|549687|575672|33000351
11877|549688|575672|33000350
2390|549683|575673|33000244
2390|549684|575673|33000243
2390|549685|575673|32999998
2390|549686|575673|33000247
2390|549687|575673|33000246
2390|549688|575673|33000245
14411|549683|575674|32999733
14411|549684|575674|32999732
14411|549685|575674|32999948
14411|549686|575674|32999736
14411|549687|575674|32999735
14411|549688|575674|32999734
2591|549683|575675|33000249
2591|549684|575675|33000248
2591|549685|575675|32999999
2591|549686|575675|33000252
2591|549687|575675|33000251
2591|549688|575675|33000250
17523|549683|575676|33000254
17523|549684|575676|33000253
17523|549685|575676|33000000
17523|549686|575676|33000257
17523|549687|575676|33000256
17523|549688|575676|33000255
3279|549683|575677|33000074
3279|549684|575677|33000073
3279|549685|575677|32999964
3279|549686|575677|33000077
3279|549687|575677|33000076
3279|549688|575677|33000075
1188|549683|575678|33000259
1188|549684|575678|33000258
1188|549685|575678|33000001
1188|549686|575678|33000262
1188|549687|575678|33000261
1188|549688|575678|33000260
18689|549683|575679|33000299
18689|549684|575679|33000298
18689|549685|575679|33000009
18689|549686|575679|33000302
18689|549687|575679|33000301
18689|549688|575679|33000300
3114|549683|575680|33000264
3114|549684|575680|33000263
3114|549685|575680|33000002
3114|549686|575680|33000267
3114|549687|575680|33000266
3114|549688|575680|33000265
7914|549683|575681|32999738
7914|549684|575681|32999737
7914|549685|575681|32999949
7914|549686|575681|32999741
7914|549687|575681|32999740
7914|549688|575681|32999739
2959|549683|575682|33000269
2959|549684|575682|33000268
2959|549685|575682|33000003
2959|549686|575682|33000272
2959|549687|575682|33000271
2959|549688|575682|33000270
3430|549683|575683|33000027
3430|549684|575683|33000026
3430|549685|575683|33000025
3430|549686|575683|33000024
3430|549687|575683|33000023
3430|549688|575683|32999954
946|549683|575684|33000277
946|549684|575684|33000276
946|549685|575684|33000275
946|549686|575684|33000274
946|549687|575684|33000273
946|549688|575684|33000004
1676|549683|575685|33000034
1676|549684|575685|33000033
1676|549685|575685|32999956
1676|549686|575685|33000037
1676|549687|575685|33000036
1676|549688|575685|33000035
57|549683|575686|33000279
57|549684|575686|33000278
57|549685|575686|33000005
57|549686|575686|33000282
57|549687|575686|33000281
57|549688|575686|33000280
19621|549683|575687|33000284
19621|549684|575687|33000283
19621|549685|575687|33000006
19621|549686|575687|33000287
19621|549687|575687|33000286
19621|549688|575687|33000285
23|549683|752540|33000289
23|549684|752540|33000288
23|549685|752540|33000007
23|549686|752540|33000292
23|549687|752540|33000291
23|549688|752540|33000290
82|549683|752541|33000294
82|549684|752541|33000293
82|549685|752541|33000008
82|549686|752541|33000297
82|549687|752541|33000296
82|549688|752541|33000295
4276|549683|3009430|33000079
4276|549684|3009430|33000078
4276|549685|3009430|32999965
4276|549686|3009430|33000082
4276|549687|3009430|33000081
4276|549688|3009430|33000080
17521|549683|3009431|33000304
17521|549684|3009431|33000303
17521|549685|3009431|33000010
17521|549686|3009431|33000307
17521|549687|3009431|33000306
17521|549688|3009431|33000305
5927|549683|3009432|33000309
5927|549684|3009432|33000308
5927|549685|3009432|33000011
5927|549686|3009432|33000312
5927|549687|3009432|33000311
5927|549688|3009432|33000310
13846|549683|3009457|33000064
13846|549684|3009457|33000063
13846|549685|3009457|32999962
13846|549686|3009457|33000067
13846|549687|3009457|33000066
13846|549688|3009457|33000065
2607|549986|578200|33016506
2607|549987|578200|33016507
2607|549988|578200|33016508
2607|549989|578200|33016509
2607|549990|578200|33016510
2607|549991|578200|33016511
438|549986|578201|33016170
438|549987|578201|33016171
438|549988|578201|33016172
438|549989|578201|33016173
438|549990|578201|33016174
438|549991|578201|33016175
3807|549986|578202|33016218
3807|549987|578202|33016219
3807|549988|578202|33016220
3807|549989|578202|33016221
3807|549990|578202|33016222
3807|549991|578202|33016223
802|549986|578203|33016224
802|549987|578203|33016225
802|549988|578203|33016226
802|549989|578203|33016227
802|549990|578203|33016228
802|549991|578203|33016229
13300|549986|578204|33016206
13300|549987|578204|33016207
13300|549988|578204|33016208
13300|549989|578204|33016209
13300|549990|578204|33016210
13300|549991|578204|33016211
2467|549986|578205|33016230
2467|549987|578205|33016231
2467|549988|578205|33016232
2467|549989|578205|33016233
2467|549990|578205|33016234
2467|549991|578205|33016235
23424|549986|578206|33016524
23424|549987|578206|33016525
23424|549988|578206|33016526
23424|549989|578206|33016527
23424|549990|578206|33016528
23424|549991|578206|33016529
59204|549986|578208|33016470
59204|549987|578208|33016471
59204|549988|578208|33016472
59204|549989|578208|33016473
59204|549990|578208|33016474
59204|549991|578208|33016475
1331|549986|578209|33016194
1331|549987|578209|33016195
1331|549988|578209|33016196
1331|549989|578209|33016197
1331|549990|578209|33016198
1331|549991|578209|33016199
271|549986|578210|33016236
271|549987|578210|33016237
271|549988|578210|33016238
271|549989|578210|33016239
271|549990|578210|33016240
271|549991|578210|33016241
7873|549986|578211|33016476
7873|549987|578211|33016477
7873|549988|578211|33016478
7873|549989|578211|33016479
7873|549990|578211|33016480
7873|549991|578211|33016481
15760|549986|578212|33016452
15760|549987|578212|33016453
15760|549988|578212|33016454
15760|549989|578212|33016455
15760|549990|578212|33016456
15760|549991|578212|33016457
10758|549986|578213|33016458
10758|549987|578213|33016459
10758|549988|578213|33016460
10758|549989|578213|33016461
10758|549990|578213|33016462
10758|549991|578213|33016463
513|549986|578214|33016242
513|549987|578214|33016243
513|549988|578214|33016244
513|549989|578214|33016245
513|549990|578214|33016246
513|549991|578214|33016247
5899|549986|578215|33016494
5899|549987|578215|33016495
5899|549988|578215|33016496
5899|549989|578215|33016497
5899|549990|578215|33016498
5899|549991|578215|33016499
1633|549986|578216|33016152
1633|549987|578216|33016153
1633|549988|578216|33016154
1633|549989|578216|33016155
1633|549990|578216|33016156
1633|549991|578216|33016157
3582|549986|578217|33016248
3582|549987|578217|33016249
3582|549988|578217|33016250
3582|549989|578217|33016251
3582|549990|578217|33016252
3582|549991|578217|33016253
2965|549986|578218|33016518
2965|549987|578218|33016519
2965|549988|578218|33016520
2965|549989|578218|33016521
2965|549990|578218|33016522
2965|549991|578218|33016523
248|549986|578220|33016134
248|549987|578220|33016135
248|549988|578220|33016136
248|549989|578220|33016137
248|549990|578220|33016138
248|549991|578220|33016139
1980|549986|578221|33016254
1980|549987|578221|33016255
1980|549988|578221|33016256
1980|549989|578221|33016257
1980|549990|578221|33016258
1980|549991|578221|33016259
26577|549986|578222|33016482
26577|549987|578222|33016483
26577|549988|578222|33016484
26577|549989|578222|33016485
26577|549990|578222|33016486
26577|549991|578222|33016487
9113|549986|578223|33016260
9113|549987|578223|33016261
9113|549988|578223|33016262
9113|549989|578223|33016263
9113|549990|578223|33016264
9113|549991|578223|33016265
19614|549986|578224|33016266
19614|549987|578224|33016267
19614|549988|578224|33016268
19614|549989|578224|33016269
19614|549990|578224|33016270
19614|549991|578224|33016271
1358|549986|578225|33016272
1358|549987|578225|33016273
1358|549988|578225|33016274
1358|549989|578225|33016275
1358|549990|578225|33016276
1358|549991|578225|33016277
4161|549986|578226|33016278
4161|549987|578226|33016279
4161|549988|578226|33016280
4161|549989|578226|33016281
4161|549990|578226|33016282
4161|549991|578226|33016283
43472|549986|578227|33016182
43472|549987|578227|33016183
43472|549988|578227|33016184
43472|549989|578227|33016185
43472|549990|578227|33016186
43472|549991|578227|33016187
2312|549986|578228|33016284
2312|549987|578228|33016285
2312|549988|578228|33016286
2312|549989|578228|33016287
2312|549990|578228|33016288
2312|549991|578228|33016289
47388|549986|578229|33016146
47388|549987|578229|33016147
47388|549988|578229|33016148
47388|549989|578229|33016149
47388|549990|578229|33016150
47388|549991|578229|33016151
764|549986|578230|33016512
764|549987|578230|33016513
764|549988|578230|33016514
764|549989|578230|33016515
764|549990|578230|33016516
764|549991|578230|33016517
9933|549986|578231|33016158
9933|549987|578231|33016159
9933|549988|578231|33016160
9933|549989|578231|33016161
9933|549990|578231|33016162
9933|549991|578231|33016163
387|549986|578232|33016290
387|549987|578232|33016291
387|549988|578232|33016292
387|549989|578232|33016293
387|549990|578232|33016294
387|549991|578232|33016295
2794|549986|578233|33016488
2794|549987|578233|33016489
2794|549988|578233|33016490
2794|549989|578233|33016491
2794|549990|578233|33016492
2794|549991|578233|33016493
572|549986|578234|33016164
572|549987|578234|33016165
572|549988|578234|33016166
572|549989|578234|33016167
572|549990|578234|33016168
572|549991|578234|33016169
3003|549986|578235|33016302
3003|549987|578235|33016303
3003|549988|578235|33016304
3003|549989|578235|33016305
3003|549990|578235|33016306
3003|549991|578235|33016307
689|549986|578236|33016140
689|549987|578236|33016141
689|549988|578236|33016142
689|549989|578236|33016143
689|549990|578236|33016144
689|549991|578236|33016145
1107|549986|578237|33016308
1107|549987|578237|33016309
1107|549988|578237|33016310
1107|549989|578237|33016311
1107|549990|578237|33016312
1107|549991|578237|33016313
282|549986|578238|33016314
282|549987|578238|33016315
282|549988|578238|33016316
282|549989|578238|33016317
282|549990|578238|33016318
282|549991|578238|33016319
416|549986|578239|33016320
416|549987|578239|33016321
416|549988|578239|33016322
416|549989|578239|33016323
416|549990|578239|33016324
416|549991|578239|33016325
22872|549986|578240|33016326
22872|549987|578240|33016327
22872|549988|578240|33016328
22872|549989|578240|33016329
22872|549990|578240|33016330
22872|549991|578240|33016331
23171|549986|578241|33016332
23171|549987|578241|33016333
23171|549988|578241|33016334
23171|549989|578241|33016335
23171|549990|578241|33016336
23171|549991|578241|33016337
2778|549986|578242|33016338
2778|549987|578242|33016339
2778|549988|578242|33016340
2778|549989|578242|33016341
2778|549990|578242|33016342
2778|549991|578242|33016343
1476|549986|578243|33016344
1476|549987|578243|33016345
1476|549988|578243|33016346
1476|549989|578243|33016347
1476|549990|578243|33016348
1476|549991|578243|33016349
3246|549986|578244|33016464
3246|549987|578244|33016465
3246|549988|578244|33016466
3246|549989|578244|33016467
3246|549990|578244|33016468
3246|549991|578244|33016469
13597|549986|578245|33016500
13597|549987|578245|33016501
13597|549988|578245|33016502
13597|549989|578245|33016503
13597|549990|578245|33016504
13597|549991|578245|33016505
6842|549986|578246|33016350
6842|549987|578246|33016351
6842|549988|578246|33016352
6842|549989|578246|33016353
6842|549990|578246|33016354
6842|549991|578246|33016355
14355|549986|578247|33016356
14355|549987|578247|33016357
14355|549988|578247|33016358
14355|549989|578247|33016359
14355|549990|578247|33016360
14355|549991|578247|33016361
46152|549986|578248|33016362
46152|549987|578248|33016363
46152|549988|578248|33016364
46152|549989|578248|33016365
46152|549990|578248|33016366
46152|549991|578248|33016367
3689|549986|578249|33016176
3689|549987|578249|33016177
3689|549988|578249|33016178
3689|549989|578249|33016179
3689|549990|578249|33016180
3689|549991|578249|33016181
1306|549986|578250|33016368
1306|549987|578250|33016369
1306|549988|578250|33016370
1306|549989|578250|33016371
1306|549990|578250|33016372
1306|549991|578250|33016373
809|549986|578251|33016374
809|549987|578251|33016375
809|549988|578251|33016376
809|549989|578251|33016377
809|549990|578251|33016378
809|549991|578251|33016379
10540|549986|578252|33016380
10540|549987|578252|33016381
10540|549988|578252|33016382
10540|549989|578252|33016383
10540|549990|578252|33016384
10540|549991|578252|33016385
1021|549986|578255|33016386
1021|549987|578255|33016387
1021|549988|578255|33016388
1021|549989|578255|33016389
1021|549990|578255|33016390
1021|549991|578255|33016391
356|549986|578256|33016392
356|549987|578256|33016393
356|549988|578256|33016394
356|549989|578256|33016395
356|549990|578256|33016396
356|549991|578256|33016397
1286|549986|578257|33016398
1286|549987|578257|33016399
1286|549988|578257|33016400
1286|549989|578257|33016401
1286|549990|578257|33016402
1286|549991|578257|33016403
68|549986|578258|33016404
68|549987|578258|33016405
68|549988|578258|33016406
68|549989|578258|33016407
68|549990|578258|33016408
68|549991|578258|33016409
9134|549986|578259|33016410
9134|549987|578259|33016411
9134|549988|578259|33016412
9134|549989|578259|33016413
9134|549990|578259|33016414
9134|549991|578259|33016415
37|549986|1479251|33016416
37|549987|1479251|33016417
37|549988|1479251|33016418
37|549989|1479251|33016419
37|549990|1479251|33016420
37|549991|1479251|33016421
216|549986|2811586|33016296
216|549987|2811586|33016297
216|549988|2811586|33016298
216|549989|2811586|33016299
216|549990|2811586|33016300
216|549991|2811586|33016301
50452|549986|3009438|33016428
50452|549987|3009438|33016429
50452|549988|3009438|33016430
50452|549989|3009438|33016431
50452|549990|3009438|33016432
50452|549991|3009438|33016433
9241|549986|3009439|33016200
9241|549987|3009439|33016201
9241|549988|3009439|33016202
9241|549989|3009439|33016203
9241|549990|3009439|33016204
9241|549991|3009439|33016205
7170|549986|3009440|33016212
7170|549987|3009440|33016213
7170|549988|3009440|33016214
7170|549989|3009440|33016215
7170|549990|3009440|33016216
7170|549991|3009440|33016217
1499|549986|3009441|33016446
1499|549987|3009441|33016447
1499|549988|3009441|33016448
1499|549989|3009441|33016449
1499|549990|3009441|33016450
1499|549991|3009441|33016451
26365|549986|3009442|33016440
26365|549987|3009442|33016441
26365|549988|3009442|33016442
26365|549989|3009442|33016443
26365|549990|3009442|33016444
26365|549991|3009442|33016445
144|549986|3009443|33016434
144|549987|3009443|33016435
144|549988|3009443|33016436
144|549989|3009443|33016437
144|549990|3009443|33016438
144|549991|3009443|33016439
285|549986|3009444|33016422
285|549987|3009444|33016423
285|549988|3009444|33016424
285|549989|3009444|33016425
285|549990|3009444|33016426
285|549991|3009444|33016427
9173|549986|3009459|33016188
9173|549987|3009459|33016189
9173|549988|3009459|33016190
9173|549989|3009459|33016191
9173|549990|3009459|33016192
9173|549991|3009459|33016193
